v -79.999985 2.543396 30.666664
v -72.174377 2.543396 30.978317
v -65.211494 2.543396 31.881544
v -59.061966 2.543396 33.328785
v -53.676414 2.543396 35.272457
v -49.005463 2.543396 37.664982
v -44.999733 2.543396 40.458775
v -41.609848 2.543396 43.606266
v -38.786434 2.543396 47.059883
v -36.480118 2.543396 50.772049
v -34.641510 2.543396 54.695183
v -33.221233 2.543396 58.781704
v -32.169910 2.543396 62.984043
v -31.438175 2.543396 67.254608
v -30.976635 2.543396 71.545853
v -30.735928 2.543396 75.810165
v -30.666672 2.543396 80.000000
