v -79.999969 2.714483 122.666595
v -53.456299 2.714483 123.723679
v -29.838943 2.714483 126.787346
v -8.980408 2.714483 131.696228
v 9.286804 2.714483 138.288940
v 25.130157 2.714483 146.404114
v 38.717163 2.714483 155.880371
v 50.215263 2.714483 166.556335
v 59.791992 2.714483 178.270645
v 67.614792 2.714483 190.861908
v 73.851158 2.714483 204.168762
v 78.668587 2.714483 218.029800
v 82.234543 2.714483 232.283676
v 84.716515 2.714483 246.769028
v 86.281990 2.714483 261.324432
v 87.098473 2.714483 275.788574
v 87.333397 2.714483 289.999969