v -79.999962 2.603185 -61.379349
v -44.375595 2.603185 -59.862930
v -12.940109 2.603185 -55.478626
v 14.563153 2.603185 -48.473736
v 38.390945 2.603185 -39.095638
v 58.799938 2.603185 -27.591677
v 76.046875 2.603185 -14.209197
v 90.388443 2.603185 0.804455
v 102.081367 2.603185 17.201931
v 111.382339 2.603185 34.735878
v 118.548080 2.603185 53.158943
v 123.835304 2.603185 72.223793
v 127.500717 2.603185 91.683067
v 129.801041 2.603185 111.289429
v 130.992981 2.603185 130.795517
v 131.333328 2.603185 149.953979