v -79.999985 2.543396 -30.666656
v -62.445229 2.543396 -29.967554
v -46.825790 2.543396 -27.941378
v -33.030910 2.543396 -24.694870
v -20.949812 2.543396 -20.334749
v -10.471744 2.543396 -14.967742
v -1.485928 2.543396 -8.700575
v 6.118405 2.543396 -1.639977
v 12.452003 2.543396 6.107324
v 17.625648 2.543396 14.434608
v 21.750099 2.543396 23.235147
v 24.936115 2.543396 32.402206
v 27.294476 2.543396 41.829071
v 28.935940 2.543396 51.409012
v 29.971287 2.543396 61.035305
v 30.511278 2.543396 70.601204
v 30.666651 2.543396 80.000000