v -79.999969 2.660140 92.000031
v -58.423050 2.660140 92.918488
v -39.383270 2.660140 95.573975
v -22.725143 2.660140 99.816673
v -8.293167 2.660140 105.496773
v 4.068115 2.660140 112.464470
v 14.514206 2.660140 120.569946
v 23.200577 2.660140 129.663391
v 30.282738 2.660140 139.594971
v 35.916153 2.660140 150.214905
v 40.256294 2.660140 161.373352
v 43.458656 2.660140 172.920517
v 45.678734 2.660140 184.706573
v 47.071991 2.660140 196.581696
v 47.793922 2.660140 208.396118
v 47.999992 2.660140 220.000000