v -79.999985 2.714483 -122.666626
v -14.539734 2.714483 -120.059708
v 43.703873 2.714483 -112.504303
v 95.143845 2.714483 -100.398331
v 140.193237 2.714483 -84.139816
v 179.265091 2.714483 -64.126694
v 212.772446 2.714483 -40.756966
v 241.128342 2.714483 -14.428596
v 264.745819 2.714483 14.460442
v 284.037903 2.714483 45.512180
v 299.417603 2.714483 78.328636
v 311.297974 2.714483 112.511841
v 320.092133 2.714483 147.663818
v 326.213013 2.714483 183.386597
v 330.073669 2.714483 219.282211
v 332.087158 2.714483 254.952682
v 332.666626 2.714483 289.999969