v -79.999962 2.603185 61.287315
v -65.053474 2.603185 61.923534
v -51.864449 2.603185 63.763012
v -40.325214 2.603185 66.701965
v -30.328064 2.603185 70.636627
v -21.765289 2.603185 75.463211
v -14.529191 2.603185 81.077927
v -8.512059 2.603185 87.377045
v -3.606206 2.603185 94.256737
v 0.296097 2.603185 101.613266
v 3.302555 2.603185 109.342812
v 5.520859 2.603185 117.341644
v 7.058717 2.603185 125.505943
v 8.023835 2.603185 133.731964
v 8.523924 2.603185 141.915909
v 8.666651 2.603185 149.953995