v -79.999969 2.660140 -92.000008
v -27.406219 2.660140 -89.761284
v 19.003258 2.660140 -83.288536
v 59.607471 2.660140 -72.946953
v 94.785408 2.660140 -59.101685
v 124.916046 2.660140 -42.117912
v 150.378387 2.660140 -22.360809
v 171.551422 2.660140 -0.195541
v 188.814148 2.660140 24.012714
v 202.545578 2.660140 49.898796
v 213.124695 2.660140 77.097527
v 220.930435 2.660140 105.243744
v 226.341858 2.660140 133.972260
v 229.737930 2.660140 162.917938
v 231.497650 2.660140 191.715561
v 232.000000 2.660140 220.000000