123
r 0 4 1 0 0 0 0 1 0 0 0 0 1 0 0 0 0 1
r 0 4 1 0 0 0 0 1 0 0 0 0 1 0 160 0 0 1
r 1 4 1 0 0 0 0 1 0 0 0 0 1 0 529.7 0 -209.7 1
r 0 4 1.19249e-08 0 -1 0 0 1 0 0 1 0 1.19249e-08 0 529.7 0 -369.7 1
r 2 4 1.19249e-08 0 -1 0 0 1 0 0 1 0 1.19249e-08 0 529.7 0 -529.7 1
r 0 4 1 0 0 0 0 1 0 0 0 0 1 0 899.4 0 -739.4 1
r 0 4 1 0 0 0 0 1 0 0 0 0 1 0 1059.4 0 -739.4 1
r 0 4 1 0 0 0 0 1 0 0 0 0 1 0 1219.4 0 -739.4 1
r 2 4 1 0 0 0 0 1 0 0 0 0 1 0 1379.4 0 -739.4 1
r 0 4 -4.37114e-08 0 1 0 0 1 0 0 -1 0 -4.37114e-08 0 1589.1 0 -369.7 1
r 1 4 -4.37114e-08 0 1 0 0 1 0 0 -1 0 -4.37114e-08 0 1798.8 0 -1.2207e-05 1
r 0 4 1 0 0 0 0 1 0 0 0 0 1 0 1958.8 0 -1.2207e-05 1
r 0 4 1 0 0 0 0 1 0 0 0 0 1 0 2118.8 0 -1.2207e-05 1
r 0 4 1 0 0 0 0 1 0 0 0 0 1 0 2278.8 0 -1.2207e-05 1
r 0 4 1 0 0 0 0 1 0 0 0 0 1 0 2438.8 0 -1.2207e-05 1
r 0 4 1 0 0 0 0 1 0 0 0 0 1 0 2598.8 0 -1.2207e-05 1
r 2 4 1 0 0 0 0 1 0 0 0 0 1 0 2758.8 0 -1.2207e-05 1
r 0 4 -4.37114e-08 0 1 0 0 1 0 0 -1 0 -4.37114e-08 0 2968.5 0 369.7 1
r 0 4 -4.37114e-08 0 1 0 0 1 0 0 -1 0 -4.37114e-08 0 2968.5 0 529.7 1
r 1 4 -4.37114e-08 0 1 0 0 1 0 0 -1 0 -4.37114e-08 0 3178.2 0 899.4 1
r 0 4 1 0 0 0 0 1 0 0 0 0 1 0 3338.2 0 899.4 1
r 1 4 1 0 0 0 0 1 0 0 0 0 1 0 3707.9 0 689.7 1
r 0 4 1.19249e-08 0 -1 0 0 1 0 0 1 0 1.19249e-08 0 3707.9 0 529.7 1
r 0 4 1.19249e-08 0 -1 0 0 1 0 0 1 0 1.19249e-08 0 3707.9 0 369.7 1
r 2 4 1.19249e-08 0 -1 0 0 1 0 0 1 0 1.19249e-08 0 3707.9 0 209.7 1
r 0 4 1 0 0 0 0 1 0 0 0 0 1 0 4077.6 0 -4.88281e-05 1
r 0 4 1 0 0 0 0 1 0 0 0 0 1 0 4237.6 0 -4.88281e-05 1
c 0 0 1 0 0 0 0 1 0 0 0 0 1 0 0 0 104.85 1
