12
r 0 4 1 0 0 0 0 1 0 0 0 0 1 0 0 0 0 1
r 0 4 1 0 0 0 0 1 0 0 0 0 1 0 160 0 0 1
r 0 4 1 0 0 0 0 1 0 0 0 0 1 0 320 0 0 1
r 0 4 1 0 0 0 0 1 0 0 0 0 1 0 480 0 0 1
r 0 4 1 0 0 0 0 1 0 0 0 0 1 0 640 0 0 1
r 0 4 1 0 0 0 0 1 0 0 0 0 1 0 800 0 0 1
r 1 4 1 0 0 0 0 1 0 0 0 0 1 0 1169.7 0 -209.7 1
r 0 4 1.19249e-08 0 -1 0 0 1 0 0 1 0 1.19249e-08 0 1169.7 0 -369.7 1
r 0 4 1.19249e-08 0 -1 0 0 1 0 0 1 0 1.19249e-08 0 1169.7 0 -529.7 1
r 0 4 1.19249e-08 0 -1 0 0 1 0 0 1 0 1.19249e-08 0 1169.7 0 -689.7 1
r 0 4 1.19249e-08 0 -1 0 0 1 0 0 1 0 1.19249e-08 0 1169.7 0 -849.7 1
r 0 4 1.19249e-08 0 -1 0 0 1 0 0 1 0 1.19249e-08 0 1169.7 0 -1009.7 1
r 0 4 1.19249e-08 0 -1 0 0 1 0 0 1 0 1.19249e-08 0 1169.7 0 -1169.7 1
r 0 4 1.19249e-08 0 -1 0 0 1 0 0 1 0 1.19249e-08 0 1169.7 0 -1329.7 1
r 0 4 1.19249e-08 0 -1 0 0 1 0 0 1 0 1.19249e-08 0 1169.7 0 -1489.7 1
r 0 4 1.19249e-08 0 -1 0 0 1 0 0 1 0 1.19249e-08 0 1169.7 0 -1649.7 1
r 0 4 1.19249e-08 0 -1 0 0 1 0 0 1 0 1.19249e-08 0 1169.7 0 -1809.7 1
r 0 4 1.19249e-08 0 -1 0 0 1 0 0 1 0 1.19249e-08 0 1169.7 0 -1969.7 1
r 0 4 1.19249e-08 0 -1 0 0 1 0 0 1 0 1.19249e-08 0 1169.7 0 -2129.7 1
r 0 4 1.19249e-08 0 -1 0 0 1 0 0 1 0 1.19249e-08 0 1169.7 0 -2289.7 1
r 0 4 1.19249e-08 0 -1 0 0 1 0 0 1 0 1.19249e-08 0 1169.7 0 -2449.7 1
r 0 4 1.19249e-08 0 -1 0 0 1 0 0 1 0 1.19249e-08 0 1169.7 0 -2609.7 1
r 0 4 1.19249e-08 0 -1 0 0 1 0 0 1 0 1.19249e-08 0 1169.7 0 -2769.7 1
r 0 4 1.19249e-08 0 -1 0 0 1 0 0 1 0 1.19249e-08 0 1169.7 0 -2929.7 1
r 0 4 1.19249e-08 0 -1 0 0 1 0 0 1 0 1.19249e-08 0 1169.7 0 -3089.7 1
r 0 4 1.19249e-08 0 -1 0 0 1 0 0 1 0 1.19249e-08 0 1169.7 0 -3249.7 1
r 0 4 1.19249e-08 0 -1 0 0 1 0 0 1 0 1.19249e-08 0 1169.7 0 -3409.7 1
r 0 4 1.19249e-08 0 -1 0 0 1 0 0 1 0 1.19249e-08 0 1169.7 0 -3569.7 1
r 0 4 1.19249e-08 0 -1 0 0 1 0 0 1 0 1.19249e-08 0 1169.7 0 -3729.7 1
r 0 4 1.19249e-08 0 -1 0 0 1 0 0 1 0 1.19249e-08 0 1169.7 0 -3889.7 1
r 0 4 1.19249e-08 0 -1 0 0 1 0 0 1 0 1.19249e-08 0 1169.7 0 -4049.7 1
r 0 4 1.19249e-08 0 -1 0 0 1 0 0 1 0 1.19249e-08 0 1169.7 0 -4209.7 1
r 0 4 1.19249e-08 0 -1 0 0 1 0 0 1 0 1.19249e-08 0 1169.7 0 -4369.7 1
r 0 4 1.19249e-08 0 -1 0 0 1 0 0 1 0 1.19249e-08 0 1169.7 0 -4529.7 1
r 0 4 1.19249e-08 0 -1 0 0 1 0 0 1 0 1.19249e-08 0 1169.7 0 -4689.7 1
r 0 4 1.19249e-08 0 -1 0 0 1 0 0 1 0 1.19249e-08 0 1169.7 0 -4849.7 1
r 0 4 1.19249e-08 0 -1 0 0 1 0 0 1 0 1.19249e-08 0 1169.7 0 -5009.7 1
r 0 4 1.19249e-08 0 -1 0 0 1 0 0 1 0 1.19249e-08 0 1169.7 0 -5169.7 1
c 0 0 1 0 0 0 0 1 0 0 0 0 1 0 0 0 104.85 1
c 0 2 1 0 0 0 0 1 0 0 0 0 1 0 320 0 104.85 1

