30
r 0 3 1 0 0 0 0 1 0 0 0 0 1 0 0 0 0 1
r 0 3 1 0 0 0 0 1 0 0 0 0 1 0 160 0 0 1
r 0 3 1 0 0 0 0 1 0 0 0 0 1 0 320 0 0 1
r 0 3 1 0 0 0 0 1 0 0 0 0 1 0 480 0 0 1
r 0 3 1 0 0 0 0 1 0 0 0 0 1 0 640 0 0 1
r 0 3 1 0 0 0 0 1 0 0 0 0 1 0 800 0 0 1
r 0 3 1 0 0 0 0 1 0 0 0 0 1 0 960 0 0 1
r 0 3 1 0 0 0 0 1 0 0 0 0 1 0 1120 0 0 1
r 0 3 1 0 0 0 0 1 0 0 0 0 1 0 1280 0 0 1
r 0 3 1 0 0 0 0 1 0 0 0 0 1 0 1440 0 0 1
r 0 3 1 0 0 0 0 1 0 0 0 0 1 0 1600 0 0 1
r 0 3 1 0 0 0 0 1 0 0 0 0 1 0 1760 0 0 1
r 0 3 1 0 0 0 0 1 0 0 0 0 1 0 1920 0 0 1
r 0 3 1 0 0 0 0 1 0 0 0 0 1 0 2080 0 0 1
r 0 3 1 0 0 0 0 1 0 0 0 0 1 0 2240 0 0 1
r 0 3 1 0 0 0 0 1 0 0 0 0 1 0 2400 0 0 1
r 0 3 1 0 0 0 0 1 0 0 0 0 1 0 2560 0 0 1
r 0 3 1 0 0 0 0 1 0 0 0 0 1 0 2720 0 0 1
r 0 3 1 0 0 0 0 1 0 0 0 0 1 0 2880 0 0 1
r 0 3 1 0 0 0 0 1 0 0 0 0 1 0 3040 0 0 1
r 0 3 1 0 0 0 0 1 0 0 0 0 1 0 3200 0 0 1
c 0 1 0 0 0 0 1 0 0 0 0 1 0 0 0 69.9 1
c 4 1 0 0 0 0 1 0 0 0 0 1 0 480 0 69.9 1
c 4 1 0 0 0 0 1 0 0 0 0 1 0 1120 0 -69.9 1
c 7 1 0 0 0 0 1 0 0 0 0 1 0 1600 0 -69.9 1
