20
r 0 4 1 0 0 0 0 1 0 0 0 0 1 0 0 0 0 1
r 0 4 1 0 0 0 0 1 0 0 0 0 1 0 160 0 0 1
r 0 4 1 0 0 0 0 1 0 0 0 0 1 0 320 0 0 1
r 1 4 1 0 0 0 0 1 0 0 0 0 1 0 689.7 0 -209.7 1
r 2 4 1.19249e-08 0 -1 0 0 1 0 0 1 0 1.19249e-08 0 689.7 0 -369.7 1
r 0 4 1 0 0 0 0 1 0 0 0 0 1 0 1059.4 0 -579.4 1
r 0 4 1 0 0 0 0 1 0 0 0 0 1 0 1219.4 0 -579.4 1
r 0 4 1 0 0 0 0 1 0 0 0 0 1 0 1379.4 0 -579.4 1
r 0 4 1 0 0 0 0 1 0 0 0 0 1 0 1539.4 0 -579.4 1
r 0 4 1 0 0 0 0 1 0 0 0 0 1 0 1699.4 0 -579.4 1
r 0 4 1 0 0 0 0 1 0 0 0 0 1 0 1859.4 0 -579.4 1
r 0 4 1 0 0 0 0 1 0 0 0 0 1 0 2019.4 0 -579.4 1
c 0 1 0 0 0 0 1 0 0 0 0 1 0 0 0 104.85 1
c 1 1 0 0 0 0 1 0 0 0 0 1 0 1219.4 0 -474.55 1
