r 0 1 0 0 0 0 1 0 0 0 0 1 0 0 0 0 1
r 1 1 0 0 0 0 1 0 0 0 0 1 0 160 0 0 1
r 1 1.19249e-08 0 -1 0 0 1 0 0 1 0 1.19249e-08 0 160 0 -160 1
r 0 -1 0 -8.74228e-08 0 0 1 0 0 8.74228e-08 0 -1 0 0 0 -160 1
r 0 -1 0 -8.74228e-08 0 0 1 0 0 8.74228e-08 0 -1 0 -160 0 -160 1
r 2 -1 0 -8.74228e-08 0 0 1 0 0 8.74228e-08 0 -1 0 -320 0 -160 1
r 1 1.19249e-08 0 -1 0 0 1 0 0 1 0 1.19249e-08 0 -320 0 -320 1
r 2 -1 0 -8.74228e-08 0 0 1 0 0 8.74228e-08 0 -1 0 -480 0 -320 1
r 1 1.19249e-08 0 -1 0 0 1 0 0 1 0 1.19249e-08 0 -480 0 -480 1
r 1 -1 0 -8.74228e-08 0 0 1 0 0 8.74228e-08 0 -1 0 -640 0 -480 1
r 0 -4.37114e-08 0 1 0 0 1 0 0 -1 0 -4.37114e-08 0 -640 0 -320 1
r 0 -4.37114e-08 0 1 0 0 1 0 0 -1 0 -4.37114e-08 0 -640 0 -160 1
r 1 -4.37114e-08 0 1 0 0 1 0 0 -1 0 -4.37114e-08 0 -640 0 0 1
r 0 1 0 0 0 0 1 0 0 0 0 1 0 -480 0 0 1
r 2 1 0 0 0 0 1 0 0 0 0 1 0 -320 0 0 1
r 2 -4.37114e-08 0 1 0 0 1 0 0 -1 0 -4.37114e-08 0 -320 0 160 1
r 0 -1 0 -8.74228e-08 0 0 1 0 0 8.74228e-08 0 -1 0 -480 0 160 1
r 1 -1 0 -8.74228e-08 0 0 1 0 0 8.74228e-08 0 -1 0 -640 0 160 1
r 1 -4.37114e-08 0 1 0 0 1 0 0 -1 0 -4.37114e-08 0 -640 0 320 1
r 0 1 0 0 0 0 1 0 0 0 0 1 0 -480 0 320 1
r 0 1 0 0 0 0 1 0 0 0 0 1 0 -320 0 320 1
r 1 1 0 0 0 0 1 0 0 0 0 1 0 -160 0 320 1
r 0 1.19249e-08 0 -1 0 0 1 0 0 1 0 1.19249e-08 0 -160 0 160 1
r 2 1.19249e-08 0 -1 0 0 1 0 0 1 0 1.19249e-08 0 -160 0 0 1
